0
#000
000000000000000000000000000000000000000000000000
000000000000000000000000000000000000000000000000
000000000000000000000000000000000000000000000000
000000000000000000000000000000000000000000000000
000000000000000000000000000000000000000000000000
000000000000000000000000000000000000000000000000
000000000000000000000000000000000000000000000000
000000000000000000000000000000000000000000000000
000000000000000000000000000000000000000000000000
000000000000000000000000000000000000000000000000
000000000000000000000000000000000000000000000000
000000000000000000000000000000000000000000000000
000000000000000000000000000000000000000000000000
000000000000000000000000000000000000000000000000
000000000000000000000000000000000000000000000000
000000000000000000000000000000000000000000000000
000000000000000000000000000000000000000000000000
000000000000000000000000000000000000000000000000
000000000000000000000000000000000000000000000000
000000000000000000000000000000000000000000000000
000000000000000000000000030000000000000000000000
000000000000000000000000000000000000000000000000
00000m0000m000m0000m00330m000m0000m0000000h00000
$00$$$$00330033003300333300330033003300$$$$$$00$
$$0000$000000000000000000000000000000000$00000$0
$$$m.0D0L00000000000000900000000000000L0D0.h0$$0
111111111111111111111111111111111111111111111111